0 6    1 3    2 0    3 7    5 1    6 8    7 5    8 2  
F 0
45 24
48 25
51 26
27 51
28 48
29 45
38 27
41 28
44 29
24 44
25 41 
26 38

U 2
0 45
1 46
2 47
45 9
46 10
47 11
9 36
10 37
11 38
36 0
37 1
38 2

R 5
2 29
5 32
8 35
29 15
32 12
35 9
15 20
12 23
9 26
20 2
23 5
26 8

L 4
0 18
3 21
6 24
18 17
21 14
24 11
17 27
14 30
11 33
33 6
30 3
27 0

B 1
47 35
50 34
53 33
35 42
34 39
33 36
42 18 
39 19
36 20
18 47
19 50
20 53

D 3
15 51
16 52
17 53
44 17
43 16
42 15
8 44
7 43
6 42
53 8
52 7
51 6

LM -1 
1 19
4 22
7 25
28 1
31 4
34 7
16 28
13 31
10 34
19 16
22 13
25 10

UM -1
3 48
4 49
5 50
48 12
49 13
50 14
12 39 
13 40
14 41
39 3
40 4
41 5

